135
153
0
0
0
0
315
44
44
0
180
333
315
333
90
333
333
153
90
44
44
0
153
153
315
135
135
153
333
153
315
135
44
71
90
0
71
44
153
315
135
0
315
135
26
90
0
153
135
333
0
296
0
90
26
180
153
18
90
71
135
71
44
135
44
0
153
153
333
180
153
153
0
135
135
315
153
153
90
44
153
333
0
180
0
0
153
315
153
71
153
153
44
135
18
315
135
153
71
44
135
153
0
0
153
153
180
153
0
315
44
180
153
153
153
180
153
315
153
0
315
0
315
153
153
153
315
44
0
135
153
333
153
315
18
153
0
135
153
116
44
333
153
153
180
90
0
315
0
315
0
180
71
0
44
26
333
153
153
135
71
26
0
333
333
153
135
315
153
0
180
180
135
135
315
153
90
90
90
135
315
135
44
0
153
153
153
71
153
180
315
153
0
333
135
333
153
0
135
153
153
153
153
153
333
0
90
0
153
44
153
153
26
63
135
44
63
153
0
153
153
153
71
315
153
90
296
153
44
0
135
333
0
153
0
44
153
180
135
153
153
90
44
26
153
153
0
0
153
153
0
90
153
180
44
90
315
153
44
333
135
0
153
0
135
0
153
153
135
0
153
333
270
180
315
153
71
44
153
180
315
315
44
315
315
333
90
153
180
180
333
0
0
135
153
44
153
315
90
0
135
135
180
135
153
180
135
0
153
153
180
44
206
44
135
44
135
333
0
0
0
0
333
180
0
333
44
153
0
153
333
71
153
315
315
153
0
333
315
0
135
153
135
44
333
153
135
315
44
180
0
0
90
135
153
315
315
44
135
44
135
0
153
0
44
153
0
153
333
0
44
180
153
90
26
315
315
135
44
44
18
0
90
135
44
44
135
0
153
0
180
71
44
333
315
315
0
315
0
180
180
0
153
180
153
153
180
153
153
153
135
0
153
333
153
44
135
315
161
315
90
0
270
0
180
44
0
333
0
333
333
315
153
153
315
135
315
153
315
135
135
153
180
18
153
0
44
71
153
135
71
153
0
0
44
0
135
135
0
90
116
135
315
153
0
0
153
153
315
44
44
0
18
44
0
44
135
135
153
0
18
44
153
153
135
153
135
153
71
44
0
0
90
