
....Histogram....

0    0    455  ***********************************************************************************************************************************************************************************************************************************************************************************************************************************************************************************************************************************************************************
0    18   23   ***********************
0    26   5    *****
0    44   502  **********************************************************************************************************************************************************************************************************************************************************************************************************************************************************************************************************************************************************************************************************************
0    71   45   *********************************************
0    90   480  ************************************************************************************************************************************************************************************************************************************************************************************************************************************************************************************************************************************************************************************************
0    108  1    *
0    135  65   *****************************************************************
0    153  1    *
0    161  3    ***
0    180  98   **************************************************************************************************
0    198  1    *
0    206  1    *
0    270  4    ****
0    315  15   ***************
0    333  4    ****
0    341  7    *******
