
....Histogram....

1    0    584  ********************************************************************************************************************************************************************************************************************************************************************************************************************************************************************************************************************************************************************************************************************************************************************************************************
1    18   22   **********************
1    26   4    ****
1    44   589  *************************************************************************************************************************************************************************************************************************************************************************************************************************************************************************************************************************************************************************************************************************************************************************************************************
1    63   1    *
1    71   48   ************************************************
1    90   617  *****************************************************************************************************************************************************************************************************************************************************************************************************************************************************************************************************************************************************************************************************************************************************************************************************************************************
1    108  1    *
1    135  40   ****************************************
1    153  2    **
1    161  3    ***
1    180  173  *****************************************************************************************************************************************************************************
1    224  2    **
1    270  2    **
1    315  13   *************
1    333  11   ***********
1    341  4    ****
